<<<<<<< HEAD
[gd_scene load_steps=4 format=2]

[ext_resource path="res://code/playerrig.gd" type="Script" id=1]
[ext_resource path="res://models/fire_pose_playerrig.glb" type="PackedScene" id=2]
[ext_resource path="res://animations/modelswalk.tres" type="Animation" id=3]

[node name="fire_pose_playerrig" instance=ExtResource( 2 )]
script = ExtResource( 1 )

[node name="AnimationPlayer" parent="." index="1"]
anims/modelswalk = ExtResource( 3 )
=======
[gd_scene load_steps=12 format=2]

[ext_resource path="res://models/fire_pose_playerrig.glb" type="PackedScene" id=1]
[ext_resource path="res://animations/modelswalk.tres" type="Animation" id=2]
[ext_resource path="res://animations/modelsaim.tres" type="Animation" id=3]
[ext_resource path="res://scenes/rig_pistol.tscn" type="PackedScene" id=4]
[ext_resource path="res://code/aim.gd" type="Script" id=5]
[ext_resource path="res://animations/cw.tres" type="Animation" id=6]
[ext_resource path="res://animations/ccw.tres" type="Animation" id=7]

[sub_resource type="CylinderShape" id=1]
radius = 0.12
height = 0.6

[sub_resource type="CylinderShape" id=2]
radius = 0.1
height = 0.8

[sub_resource type="CylinderShape" id=3]
radius = 0.08
height = 0.869046

[sub_resource type="CylinderShape" id=4]
radius = 0.08
height = 0.6

[node name="fire_pose_playerrig" instance=ExtResource( 1 )]
transform = Transform( -1.62921e-07, 0, -1, 0, 1, 0, 1, 0, -1.62921e-07, 0, 0, 0 )
script = ExtResource( 5 )

[node name="AnimationPlayer" parent="." index="1"]
anims/ccw = ExtResource( 7 )
anims/cw = ExtResource( 6 )
anims/modelsaim = ExtResource( 3 )
anims/modelswalk = ExtResource( 2 )

[node name="lhip" type="CollisionShape" parent="." index="2"]
transform = Transform( 1, 0, 0, 0, 0.927184, 0.374607, 0, -0.374607, 0.927184, 0.22, 0.539, 0.081 )
shape = SubResource( 1 )

[node name="rhip" type="CollisionShape" parent="." index="3"]
transform = Transform( 1, 0, 0, 0, 0.927184, -0.374607, 0, 0.374607, 0.927184, -0.22, 0.539, -0.081 )
shape = SubResource( 1 )

[node name="rfoot" type="CollisionShape" parent="." index="4"]
transform = Transform( 1, 0, 0, 0, 0.83867, -0.544639, 0, 0.544639, 0.83867, -0.22, -0.157, -0.4 )
shape = SubResource( 2 )

[node name="lfoot" type="CollisionShape" parent="." index="5"]
transform = Transform( 1, 0, 0, 0, 0.981627, 0.190809, 0, -0.190809, 0.981627, 0.22, -0.217, 0.267 )
shape = SubResource( 2 )

[node name="rarm" type="CollisionShape" parent="." index="6"]
transform = Transform( 1, 0, 0, 0, -1.19209e-07, 1, 0, -1, -1.19209e-07, -0.413, 1.76, 0.299 )
shape = SubResource( 3 )

[node name="larm" type="CollisionShape" parent="." index="7"]
transform = Transform( 1, 0, 0, 0, -1.19209e-07, 1, 0, -1, -1.19209e-07, 0.413, 1.76, 0.299 )
shape = SubResource( 3 )

[node name="rhand" type="CollisionShape" parent="." index="8"]
transform = Transform( 1, 0, 0, 0, -1.19209e-07, 1, 0, -1, -1.19209e-07, -0.413, 1.76, 1.043 )
shape = SubResource( 4 )

[node name="lhand" type="CollisionShape" parent="." index="9"]
transform = Transform( 1, 0, 0, 0, -1.19209e-07, 1, 0, -1, -1.19209e-07, 0.413, 1.76, 1.043 )
shape = SubResource( 4 )

[node name="w" parent="lhand" index="0" instance=ExtResource( 4 )]
transform = Transform( -0.025, 4.07302e-09, 6.63578e-16, 0, -4.07302e-09, 0.025, 4.07302e-09, 0.025, 4.07302e-09, 0.0105365, -0.114363, 0.0919681 )
>>>>>>> lost_updates
