[gd_scene load_steps=10 format=2]

[ext_resource path="res://animations/new_char/jump.tres" type="Animation" id=1]
[ext_resource path="res://animations/new_char/pistol_holster.tres" type="Animation" id=2]
[ext_resource path="res://animations/new_char/rifle_holster.tres" type="Animation" id=3]
[ext_resource path="res://animations/new_char/normal.tres" type="Animation" id=4]
[ext_resource path="res://animations/new_char/walking.tres" type="Animation" id=5]
[ext_resource path="res://models/f1/Cube.mesh" type="ArrayMesh" id=6]
[ext_resource path="res://code/arm_rotation.gd" type="Script" id=7]

[sub_resource type="Skin" id=1]
resource_name = "Skin"
bind_count = 19
bind/0/name = "pelvis"
bind/0/bone = -1
bind/0/pose = Transform( 1, 0, -2.38419e-07, 0, 1, 0, 2.38419e-07, 0, 1, 0, -6.62507, 0 )
bind/1/name = "pectoralis"
bind/1/bone = -1
bind/1/pose = Transform( 1, 0, -2.38419e-07, 0, 1, 0, 2.38419e-07, 0, 1, 0, -7.23672, 0 )
bind/2/name = "pectoralis_1"
bind/2/bone = -1
bind/2/pose = Transform( 1, 0, 0, 0, 1, 0, 0, 0, 1, 0, -10.9047, 0 )
bind/3/name = "pectoralis_2"
bind/3/bone = -1
bind/3/pose = Transform( 1, 0, 0, 0, 1, 0, 0, 0, 1, 0, -10.939, 0 )
bind/4/name = "l_shoulder"
bind/4/bone = -1
bind/4/pose = Transform( 1, -4.93424e-08, 2.33257e-07, 4.9738e-14, -0.97835, -0.206957, 2.38419e-07, 0.206957, -0.978351, 0.00540356, 10.243, -4.18721 )
bind/5/name = "l_brachii"
bind/5/bone = -1
bind/5/pose = Transform( 1, -3.74851e-08, 2.35453e-07, 3.19745e-14, -0.987563, -0.157224, 2.38419e-07, 0.157224, -0.987564, 0.00540345, 9.90247, -3.69123 )
bind/6/name = "l_arm"
bind/6/bone = -1
bind/6/pose = Transform( 1, 0, 2.38419e-07, -4.54082e-14, -1, 1.78814e-07, 2.38419e-07, 0, -1, 0.00540313, 8.47186, -2.38896 )
bind/7/name = "l_palm"
bind/7/bone = -1
bind/7/pose = Transform( -2.76696e-21, 1, 1.94707e-07, 1, 5.68435e-14, -4.68959e-13, 1.42109e-14, 3.73521e-07, -1, -6.25383, 0.00540256, -2.38896 )
bind/8/name = "r_shoulder"
bind/8/bone = -1
bind/8/pose = Transform( 1, 4.93425e-08, 2.33257e-07, 1.49214e-13, -0.97835, 0.206957, 2.38418e-07, -0.206957, -0.978347, 0.00540155, 10.2278, 4.25893 )
bind/9/name = "r_brachii"
bind/9/bone = -1
bind/9/pose = Transform( 1, 3.74851e-08, 2.35453e-07, 7.10541e-14, -0.987563, 0.157224, 2.38418e-07, -0.157223, -0.98756, 0.00540167, 9.89095, 3.76362 )
bind/10/name = "r_arm"
bind/10/bone = -1
bind/10/pose = Transform( 1, 3.55271e-15, 2.38419e-07, -1.57984e-13, -1, 6.40748e-07, 2.38418e-07, -1.49011e-08, -0.999997, 0.00540198, 8.47186, 2.46227 )
bind/11/name = "r_palm"
bind/11/bone = -1
bind/11/pose = Transform( 2.76693e-21, 1, 1.94705e-07, 1, 5.68431e-14, 1.42108e-12, -1.42108e-14, 8.20555e-07, -0.999997, -6.25383, 0.00540257, 2.46227 )
bind/12/name = "head"
bind/12/bone = -1
bind/12/pose = Transform( 1, 0, -2.38419e-07, 0, 1, 0, 2.38419e-07, 0, 1, 0, -10.9047, 0 )
bind/13/name = "r_hip"
bind/13/bone = -1
bind/13/pose = Transform( 0.994929, 0.100294, -0.00737138, 0.100565, -0.992254, 0.0729314, -1.71642e-06, -0.0733033, -0.997309, -0.522428, 5.93688, 1.09304 )
bind/14/name = "r_leg"
bind/14/bone = -1
bind/14/pose = Transform( 0.996763, -0.0802319, 0.00492237, -0.0803823, -0.994893, 0.0610359, -1.84495e-06, -0.0612344, -0.998123, 0.0988128, 3.44549, 1.05148 )
bind/15/name = "r_foot"
bind/15/bone = -1
bind/15/pose = Transform( -0.00636552, 0.998103, -0.0612343, 0.999978, 0.00637727, 2.06835e-06, 0.000390521, -0.0612333, -0.998123, -0.271702, 0.0751212, 1.05151 )
bind/16/name = "l_hip"
bind/16/bone = -1
bind/16/pose = Transform( 0.994821, 0.101367, -0.00737141, 0.100565, -0.992254, -0.0729315, -0.0147055, 0.0718127, -0.997309, -0.538989, 5.93232, -1.14754 )
bind/17/name = "l_leg"
bind/17/bone = -1
bind/17/pose = Transform( 0.996714, -0.080832, 0.0049224, -0.0803824, -0.994893, -0.061036, 0.00983259, 0.0604401, -0.998123, 0.109487, 3.44167, -1.11285 )
bind/18/name = "l_foot"
bind/18/bone = -1
bind/18/pose = Transform( -0.0063655, 0.998103, -0.0612342, 0.999979, 0.00637728, -1.69102e-06, 0.000390516, -0.0612328, -0.998123, -0.402028, 0.0751216, -1.07281 )

[sub_resource type="Animation" id=5]
resource_name = "aiminig"
length = 0.708333
tracks/0/type = "transform"
tracks/0/path = NodePath("Armature/Skeleton:l_palm")
tracks/0/interp = 1
tracks/0/loop_wrap = true
tracks/0/imported = true
tracks/0/enabled = true
tracks/0/keys = PoolRealArray( 0, 1, 0, 4.65661e-10, -1.19209e-07, -3.72528e-09, 3.72526e-09, -8.74294e-16, 1, 1, 1, 1, 0.708333, 1, 0, 4.65661e-10, -1.19209e-07, -3.72528e-09, 3.72526e-09, -8.74294e-16, 1, 1, 1, 1 )
tracks/1/type = "transform"
tracks/1/path = NodePath("Armature/Skeleton:l_arm")
tracks/1/interp = 1
tracks/1/loop_wrap = true
tracks/1/imported = true
tracks/1/enabled = true
tracks/1/keys = PoolRealArray( 0, 1, 2.38884e-07, -2.38419e-07, -1.19209e-07, -0.315852, 0.000669435, -1.21745e-07, 0.948808, 1, 1, 1, 0.708333, 1, 2.38884e-07, -2.38419e-07, -1.19209e-07, -0.315852, 0.000669435, -1.21745e-07, 0.948808, 1, 1, 1 )
tracks/2/type = "transform"
tracks/2/path = NodePath("Armature/Skeleton:l_brachii")
tracks/2/interp = 1
tracks/2/loop_wrap = true
tracks/2/imported = true
tracks/2/enabled = true
tracks/2/keys = PoolRealArray( 0, 1, 4.65661e-10, 5.96046e-08, 2.36556e-07, -0.165839, -4.72198e-10, -3.7776e-08, 0.986153, 1, 1, 1, 0.708333, 1, 4.65661e-10, 5.96046e-08, 2.36556e-07, -0.165839, -4.72198e-10, -3.7776e-08, 0.986153, 1, 1, 1 )
tracks/3/type = "transform"
tracks/3/path = NodePath("Armature/Skeleton:l_shoulder")
tracks/3/interp = 1
tracks/3/loop_wrap = true
tracks/3/imported = true
tracks/3/enabled = true
tracks/3/keys = PoolRealArray( 0, 1, 0, 0, 0, -0.131104, 0.0735883, -0.653989, 0.741414, 1, 1, 1, 0.708333, 1, 0, 0, 0, -0.131104, 0.0735883, -0.653989, 0.741414, 1, 1, 1 )
tracks/4/type = "transform"
tracks/4/path = NodePath("Armature/Skeleton:r_palm")
tracks/4/interp = 1
tracks/4/loop_wrap = true
tracks/4/imported = true
tracks/4/enabled = true
tracks/4/keys = PoolRealArray( 0, 1, -2.38419e-07, -2.38419e-07, -2.38419e-07, 4.26326e-14, -4.65661e-10, 1.11022e-16, 1, 1, 1, 1, 0.708333, 1, -2.38419e-07, -2.38419e-07, -2.38419e-07, 4.26326e-14, -4.65661e-10, 1.11022e-16, 1, 1, 1, 1 )
tracks/5/type = "transform"
tracks/5/path = NodePath("Armature/Skeleton:r_arm")
tracks/5/interp = 1
tracks/5/loop_wrap = true
tracks/5/imported = true
tracks/5/enabled = true
tracks/5/keys = PoolRealArray( 0, 1, 2.38419e-07, 1.19209e-07, 2.98023e-08, 0.293686, -0.115958, 0.0223809, 0.948579, 1, 1, 1, 0.708333, 1, 2.38419e-07, 1.19209e-07, 2.98023e-08, 0.293686, -0.115958, 0.0223809, 0.948579, 1, 1, 1 )
tracks/6/type = "transform"
tracks/6/path = NodePath("Armature/Skeleton:r_brachii")
tracks/6/interp = 1
tracks/6/loop_wrap = true
tracks/6/imported = true
tracks/6/enabled = true
tracks/6/keys = PoolRealArray( 0, 1, -8.88178e-16, -2.98023e-07, -1.17347e-07, 0.174633, -7.09393e-10, 4.16177e-08, 0.984634, 1, 1, 1, 0.708333, 1, -8.88178e-16, -2.98023e-07, -1.17347e-07, 0.174633, -7.09393e-10, 4.16177e-08, 0.984634, 1, 1, 1 )
tracks/7/type = "transform"
tracks/7/path = NodePath("Armature/Skeleton:r_shoulder")
tracks/7/interp = 1
tracks/7/loop_wrap = true
tracks/7/imported = true
tracks/7/enabled = true
tracks/7/keys = PoolRealArray( 0, 1, 0, 0, 0, 0.193256, -0.0618495, -0.689293, 0.695487, 1, 1, 1, 0.708333, 1, 0, 0, 0, 0.193256, -0.0618495, -0.689293, 0.695487, 1, 1, 1 )
tracks/8/type = "transform"
tracks/8/path = NodePath("Armature/Skeleton:pectoralis_2")
tracks/8/interp = 1
tracks/8/loop_wrap = true
tracks/8/imported = true
tracks/8/enabled = true
tracks/8/keys = PoolRealArray( 0, 1, 0, 0, 0, 0, 0, 0, 1, 1, 1, 1, 0.708333, 1, 0, 0, 0, 0, 0, 0, 1, 1, 1, 1 )
tracks/9/type = "transform"
tracks/9/path = NodePath("Armature/Skeleton:pectoralis_1")
tracks/9/interp = 1
tracks/9/loop_wrap = true
tracks/9/imported = true
tracks/9/enabled = true
tracks/9/keys = PoolRealArray( 0, 1, 0, 0, 0, 0, 0, 0, 1, 1, 1, 1, 0.708333, 1, 0, 0, 0, 0, 0, 0, 1, 1, 1, 1 )
tracks/10/type = "transform"
tracks/10/path = NodePath("Armature/Skeleton:head")
tracks/10/interp = 1
tracks/10/loop_wrap = true
tracks/10/imported = true
tracks/10/enabled = true
tracks/10/keys = PoolRealArray( 0, 1, 0, 0, 0, 0, 0, 0, 1, 1, 1, 1, 0.708333, 1, 0, 0, 0, 0, 0, 0, 1, 1, 1, 1 )
tracks/11/type = "transform"
tracks/11/path = NodePath("Armature/Skeleton:pectoralis")
tracks/11/interp = 1
tracks/11/loop_wrap = true
tracks/11/imported = true
tracks/11/enabled = true
tracks/11/keys = PoolRealArray( 0, 1, 0, 0, 0, 0, 0, 0, 1, 1, 1, 1, 0.708333, 1, 0, 0, 0, 0, 0, 0, 1, 1, 1, 1 )
tracks/12/type = "transform"
tracks/12/path = NodePath("Armature/Skeleton:r_foot")
tracks/12/interp = 1
tracks/12/loop_wrap = true
tracks/12/imported = true
tracks/12/enabled = true
tracks/12/keys = PoolRealArray( 0, 1, 0, -2.38419e-07, 7.27596e-12, -0.0075005, -1.96475e-08, -0.122259, 0.99247, 1, 1, 1, 0.0666667, 1, -2.38419e-07, 1.78814e-07, -7.15227e-08, -0.00734727, -2.02278e-08, -0.119762, 0.992775, 1, 1, 1, 0.133333, 1, 9.53674e-07, -1.78814e-07, -1.1918e-08, -0.00636044, -2.19758e-08, -0.103676, 0.994591, 1, 1, 1, 0.333333, 1, 0, 2.98023e-08, 5.96046e-08, -0.000947353, -2.31708e-08, -0.0154421, 0.99988, 1, 1, 1, 0.4, 1, 2.38419e-07, 2.98023e-08, -2.3836e-08, -0.000102914, -8.90692e-09, -0.00167759, 0.999999, 1, 1, 1, 0.466667, 1, 0, 0, 0, -1.45519e-11, 1.64277e-11, -2.78512e-10, 1, 1, 1, 1, 0.708333, 1, 0, 0, 0, -1.45519e-11, 1.64277e-11, -2.78512e-10, 1, 1, 1, 1 )
tracks/13/type = "transform"
tracks/13/path = NodePath("Armature/Skeleton:r_leg")
tracks/13/interp = 1
tracks/13/loop_wrap = true
tracks/13/imported = true
tracks/13/enabled = true
tracks/13/keys = PoolRealArray( 0, 1, 0, 0, -1.19209e-07, -0.00274675, -0.0340705, 0.557151, 0.829707, 1, 1, 1, 0.0666667, 1, -1.19209e-07, -2.38419e-07, -8.19564e-08, -0.00269941, -0.0334832, 0.547548, 0.8361, 1, 1, 1, 0.133333, 1, -2.08616e-07, 0, -1.30385e-08, -0.00237926, -0.0295121, 0.482608, 0.875336, 1, 1, 1, 0.2, 1, 8.9407e-08, -2.38419e-07, -5.96046e-08, -0.00175991, -0.0218297, 0.356979, 0.933856, 1, 1, 1, 0.266667, 1, -1.19209e-07, -2.38419e-07, -2.23517e-08, -0.00101332, -0.0125692, 0.205542, 0.978567, 1, 1, 1, 0.333333, 1, -2.98023e-08, -2.38419e-07, -5.96046e-08, -0.000353342, -0.0043828, 0.0716714, 0.997419, 1, 1, 1, 0.4, 1, 0, 0, 0, -3.78944e-05, -0.000470042, 0.00768655, 0.99997, 1, 1, 1, 0.466667, 1, 0, 0, 0, -3.66276e-19, 1.45519e-10, -1.25829e-09, 1, 1, 1, 1, 0.708333, 1, 0, 0, 0, -3.66276e-19, 1.45519e-10, -1.25829e-09, 1, 1, 1, 1 )
tracks/14/type = "transform"
tracks/14/path = NodePath("Armature/Skeleton:r_hip")
tracks/14/interp = 1
tracks/14/loop_wrap = true
tracks/14/imported = true
tracks/14/enabled = true
tracks/14/keys = PoolRealArray( 0, 1, 0, 0, 0, -0.00344736, 0.0340263, -0.465386, 0.884447, 1, 0.999999, 1, 0.0666667, 1, 0, 0, 0, -0.00338475, 0.0334031, -0.456862, 0.888904, 1, 0.999999, 1, 0.133333, 1, 0, 0, 0, -0.00296563, 0.0292587, -0.400208, 0.915953, 1, 0.999999, 1, 0.2, 1, 0, 0, 0, -0.00217812, 0.0214987, -0.294097, 0.955531, 1, 1, 1, 0.266667, 1, 0, 0, 0, -0.00125427, 0.0123788, -0.169347, 0.985478, 1, 1, 1, 0.333333, 1, 0, 0, 0, -0.000440469, 0.0043486, -0.059495, 0.998219, 1, 1, 1, 0.4, 1, 0, 0, 0, -4.73312e-05, 0.000468456, -0.00640868, 0.999979, 1, 1, 1, 0.466667, 1, 0, 0, 0, 4.06057e-07, 2.11876e-08, -6.11189e-10, 1, 1, 1, 1, 0.708333, 1, 0, 0, 0, 4.06057e-07, 2.11876e-08, -6.11189e-10, 1, 1, 1, 1 )
tracks/15/type = "transform"
tracks/15/path = NodePath("Armature/Skeleton:l_foot")
tracks/15/interp = 1
tracks/15/loop_wrap = true
tracks/15/imported = true
tracks/15/enabled = true
tracks/15/keys = PoolRealArray( 0, 1, 4.76837e-07, 0, 0, -0.00750058, 2.5747e-08, -0.122259, 0.99247, 1, 1, 1, 0.0666667, 1, 4.76837e-07, -1.49012e-07, 0, -0.00734734, 2.13418e-08, -0.119762, 0.992775, 1, 1, 1, 0.133333, 1, 0, 0, 2.98023e-08, -0.0063605, 2.33512e-08, -0.103676, 0.994591, 1, 1, 1, 0.333333, 1, 4.76837e-07, 0, 0, -0.000947376, 1.88647e-08, -0.0154421, 0.99988, 1, 1, 1, 0.4, 1, 0, -2.98023e-08, 0, -0.000102923, -2.42456e-09, -0.00167761, 0.999999, 1, 1, 1, 0.466667, 1, 0, 0, 0, 6.0536e-09, -7.45058e-09, 4.30737e-09, 1, 1, 1, 1, 0.708333, 1, 0, 0, 0, 2.32831e-09, -3.72529e-09, 4.30737e-09, 1, 1, 1, 1 )
tracks/16/type = "transform"
tracks/16/path = NodePath("Armature/Skeleton:l_leg")
tracks/16/interp = 1
tracks/16/loop_wrap = true
tracks/16/imported = true
tracks/16/enabled = true
tracks/16/keys = PoolRealArray( 0, 1, 1.19209e-07, 0, 1.15484e-07, -0.00274856, 0.0340705, 0.557151, 0.829708, 1, 1, 1, 0.0666667, 1, 5.96046e-08, 2.38419e-07, 1.19209e-07, -0.00270118, 0.0334832, 0.547548, 0.8361, 1, 1, 1, 0.133333, 1, 5.96046e-08, 4.76837e-07, 5.58794e-08, -0.00238081, 0.0295121, 0.482608, 0.875336, 1, 1, 1, 0.2, 1, 1.19209e-07, 2.38419e-07, 1.04308e-07, -0.00176107, 0.0218297, 0.356979, 0.933856, 1, 1, 1, 0.266667, 1, 0, 2.38419e-07, 1.04308e-07, -0.00101399, 0.0125691, 0.205542, 0.978567, 1, 1, 1, 0.333333, 1, 2.98023e-08, 4.76837e-07, 0, -0.000353573, 0.0043828, 0.0716715, 0.997419, 1, 1, 1, 0.4, 1, -2.98023e-08, 0, -3.72529e-09, -3.79203e-05, 0.000470042, 0.00768656, 0.99997, 1, 1, 1, 0.466667, 1, 0, 0, 0, -4.65661e-10, -5.29904e-18, 5.6898e-09, 1, 1, 1, 1, 0.708333, 1, 0, 0, 0, -1.86265e-09, 1.86265e-09, 1.31549e-08, 1, 1, 1, 1 )
tracks/17/type = "transform"
tracks/17/path = NodePath("Armature/Skeleton:l_hip")
tracks/17/interp = 1
tracks/17/loop_wrap = true
tracks/17/imported = true
tracks/17/enabled = true
tracks/17/keys = PoolRealArray( 0, 1, 0, 0, 0, -0.0034322, -0.0340269, -0.465387, 0.884446, 1, 0.999999, 1, 0.0666667, 1, 0, 0, 0, -0.00336884, -0.0334035, -0.456864, 0.888903, 1, 0.999999, 1, 0.133333, 1, 0, 0, 0, -0.00295042, -0.0292601, -0.400209, 0.915952, 1, 0.999999, 1, 0.2, 1, 0, 0, 0, -0.00216949, -0.0215, -0.294098, 0.955531, 1, 0.999999, 1, 0.266667, 1, 0, 0, 0, -0.00124979, -0.0123797, -0.169348, 0.985478, 1, 1, 1, 0.333333, 1, 0, 0, 0, -0.000440534, -0.00434883, -0.0594951, 0.998219, 1, 1, 1, 0.4, 1, 0, 0, 0, -4.78711e-05, -0.000468543, -0.00640867, 0.999979, 1, 1, 1, 0.466667, 1, 0, 0, 0, -4.02331e-07, -1.22935e-07, 1.08557e-08, 1, 1, 1, 1, 0.708333, 1, 0, 0, 0, -4.06057e-07, -1.23167e-07, 1.46101e-08, 1, 1, 1, 1 )
tracks/18/type = "transform"
tracks/18/path = NodePath("Armature/Skeleton:pelvis")
tracks/18/interp = 1
tracks/18/loop_wrap = true
tracks/18/imported = true
tracks/18/enabled = true
tracks/18/keys = PoolRealArray( 0, 1, 0, 0, 0, 0, 0, 0, 1, 1, 1, 1, 0.708333, 1, 0, 0, 0, 0, 0, 0, 1, 1, 1, 1 )

[node name="new1" type="Spatial"]
script = ExtResource( 7 )

[node name="Armature" type="Spatial" parent="."]
transform = Transform( 1, 0, 0, 0, 1, 0, 0, 0, 1, 0, 6.92251, 0 )

[node name="Skeleton" type="Skeleton" parent="Armature"]
bones/0/name = "pelvis"
bones/0/parent = -1
bones/0/rest = Transform( 1, 0, 2.38419e-07, 0, 1, 0, -2.38419e-07, 0, 1, 0, -0.297439, 0 )
bones/0/enabled = true
bones/0/bound_children = [  ]
bones/1/name = "pectoralis"
bones/1/parent = 0
bones/1/rest = Transform( 1, 0, 0, 0, 1, 0, 0, 0, 1, 0, 0.611647, 0 )
bones/1/enabled = true
bones/1/bound_children = [  ]
bones/2/name = "pectoralis_1"
bones/2/parent = 1
bones/2/rest = Transform( 1, 0, -2.38419e-07, 0, 1, 0, 2.38419e-07, 0, 1, 0, 3.66798, 0 )
bones/2/enabled = true
bones/2/bound_children = [  ]
bones/3/name = "pectoralis_2"
bones/3/parent = 2
bones/3/rest = Transform( 1, 0, 0, 0, 1, 0, 0, 0, 1, 0, 0.0343239, 0 )
bones/3/enabled = true
bones/3/bound_children = [  ]
bones/4/name = "l_shoulder"
bones/4/parent = 3
bones/4/rest = Transform( 1, 1.9007e-13, 2.38418e-07, -4.93424e-08, -0.97835, 0.206958, 2.33257e-07, -0.206958, -0.978349, -0.00540209, -0.0512569, -1.9767 )
bones/4/enabled = true
bones/4/bound_children = [  ]
bones/5/name = "l_brachii"
bones/5/parent = 4
bones/5/rest = Transform( 1, 1.20552e-08, 3.04964e-10, -1.20552e-08, 0.998721, 0.0505633, 3.04977e-10, -0.0505633, 0.998721, -6.16808e-10, 0.539789, -2.39402e-07 )
bones/5/enabled = true
bones/5/bound_children = [  ]
bones/6/name = "l_arm"
bones/6/parent = 5
bones/6/rest = Transform( 1, 3.74851e-08, 2.96521e-09, -3.74851e-08, 0.987563, 0.157224, 2.96523e-09, -0.157224, 0.987563, -3.04584e-10, 1.91158, 5.44752e-08 )
bones/6/enabled = true
bones/6/bound_children = [  ]
bones/7/name = "l_palm"
bones/7/parent = 6
bones/7/rest = Transform( 0, 1, -2.38419e-07, -1, 0, -3.73521e-07, -3.73521e-07, 2.38419e-07, 1, -9.99364e-10, 2.21803, 2.3713e-07 )
bones/7/enabled = true
bones/7/bound_children = [  ]
bones/8/name = "r_shoulder"
bones/8/parent = 3
bones/8/rest = Transform( 1, 2.32703e-13, 2.3842e-07, 4.93427e-08, -0.97835, -0.206957, 2.33257e-07, 0.206957, -0.978353, -0.00540209, -0.0512573, 2.05002 )
bones/8/enabled = true
bones/8/bound_children = [  ]
bones/9/name = "r_brachii"
bones/9/parent = 8
bones/9/rest = Transform( 1, -1.20553e-08, 3.04943e-10, 1.20553e-08, 0.998721, -0.0505633, 3.05002e-10, 0.0505633, 0.998721, -4.41122e-10, 0.539789, 1.04622e-08 )
bones/9/enabled = true
bones/9/bound_children = [  ]
bones/10/name = "r_arm"
bones/10/parent = 9
bones/10/rest = Transform( 1, -3.74851e-08, 2.96519e-09, 3.74851e-08, 0.987563, -0.157223, 2.96523e-09, 0.157223, 0.987563, -1.26839e-10, 1.91158, 1.32822e-07 )
bones/10/enabled = true
bones/10/bound_children = [  ]
bones/11/name = "r_palm"
bones/11/parent = 10
bones/11/rest = Transform( 0, 1, -2.38418e-07, -1, 0, -8.35456e-07, -8.35456e-07, 2.38418e-07, 1, -1.46033e-10, 2.21803, 8.67607e-09 )
bones/11/enabled = true
bones/11/bound_children = [  ]
bones/12/name = "head"
bones/12/parent = 1
bones/12/rest = Transform( 1, 0, 0, 0, 1, 0, 0, 0, 1, 0, 3.66798, 0 )
bones/12/enabled = true
bones/12/bound_children = [  ]
bones/13/name = "r_hip"
bones/13/parent = 0
bones/13/rest = Transform( 0.994929, 0.100593, 2.45101e-06, 0.100323, -0.992251, -0.0733019, -0.00737123, 0.0729303, -0.997311, -0.0772622, -0.601661, 0.653264 )
bones/13/enabled = true
bones/13/bound_children = [  ]
bones/14/name = "r_leg"
bones/14/parent = 13
bones/14/rest = Transform( 0.983628, -0.180207, 0.00121632, 0.180209, 0.983555, -0.0120348, 0.000972443, 0.012057, 0.999927, 4.38224e-08, 2.5429, 5.1331e-08 )
bones/14/enabled = true
bones/14/bound_children = [  ]
bones/15/name = "r_foot"
bones/15/parent = 14
bones/15/rest = Transform( -0.0867256, 0.996232, 0.000391011, -0.996232, -0.0867256, -3.26139e-05, 1.41968e-06, -0.000392366, 1, 6.46604e-08, 3.18136, 8.29389e-08 )
bones/15/enabled = true
bones/15/bound_children = [  ]
bones/16/name = "l_hip"
bones/16/parent = 0
bones/16/rest = Transform( 0.99482, 0.100588, -0.0147083, 0.10139, -0.992252, 0.0718119, -0.00737094, -0.0729311, -0.99731, -0.0772619, -0.60166, -0.715774 )
bones/16/enabled = true
bones/16/bound_children = [  ]
bones/17/name = "l_leg"
bones/17/parent = 16
bones/17/rest = Transform( 0.983324, -0.180366, 0.0232642, 0.180081, 0.983555, 0.0138116, -0.0253728, -0.00939179, 0.999634, 1.04449e-07, 2.5429, -4.31594e-09 )
bones/17/enabled = true
bones/17/bound_children = [  ]
bones/18/name = "l_foot"
bones/18/parent = 17
bones/18/rest = Transform( -0.0873245, 0.99618, 0.000423975, -0.988757, -0.0867257, 0.121811, 0.121382, 0.0102179, 0.992553, 1.8598e-08, 3.18136, -5.50465e-08 )
bones/18/enabled = true
bones/18/bound_children = [  ]

[node name="Cube" type="MeshInstance" parent="Armature/Skeleton"]
mesh = ExtResource( 6 )
skin = SubResource( 1 )
material/0 = null
material/1 = null
material/2 = null
material/3 = null
material/4 = null
material/5 = null
material/6 = null
material/7 = null
material/8 = null
material/9 = null
material/10 = null
material/11 = null

[node name="SkeletonIK" type="SkeletonIK" parent="Armature/Skeleton"]
process_priority = 1
root_bone = "pectoralis_1"
tip_bone = "pectoralis_2"
target_node = NodePath("../../Spatial/Position3D")

[node name="Spatial" type="Spatial" parent="Armature"]

[node name="Position3D" type="Position3D" parent="Armature/Spatial"]

[node name="oc" type="AnimationPlayer" parent="."]
anims/AIM = ExtResource( 2 )
anims/ArmatureAction = ExtResource( 1 )
anims/ArmatureAction001 = ExtResource( 3 )
anims/aiminig = SubResource( 5 )
anims/normal001 = ExtResource( 4 )
anims/walking = ExtResource( 5 )

[node name="RotationPoint" type="Spatial" parent="."]

[node name="AnimationPlayer1" type="AnimationPlayer" parent="."]
anims/jump = ExtResource( 1 )

[node name="AnimationPlayer2" type="AnimationPlayer" parent="."]
anims/normal = ExtResource( 4 )

[node name="AnimationPlayer3" type="AnimationPlayer" parent="."]
anims/pistol_holster = ExtResource( 2 )

[node name="AnimationPlayer4" type="AnimationPlayer" parent="."]
anims/rifle_holster = ExtResource( 3 )

[node name="AnimationPlayer5" type="AnimationPlayer" parent="."]
anims/walking = ExtResource( 5 )
