[gd_resource type="Animation" format=2]

[resource]
resource_name = "aim"
length = 0.4
tracks/0/type = "transform"
tracks/0/path = NodePath("Armature/Skeleton:lower_arm_r")
tracks/0/interp = 1
tracks/0/loop_wrap = true
tracks/0/imported = true
tracks/0/enabled = true
tracks/0/keys = PoolRealArray( 0, 1, 0, 0, 0, 0, 6.21176e-22, 0, 1, 1, 1, 1, 0.4, 1, 0, 0, 0, 0, 6.21176e-22, 0, 1, 1, 1, 1 )
tracks/1/type = "transform"
tracks/1/path = NodePath("Armature/Skeleton:arm_r")
tracks/1/interp = 1
tracks/1/loop_wrap = true
tracks/1/imported = true
tracks/1/enabled = true
tracks/1/keys = PoolRealArray( 0, 1, 0, 0, 0, -0.707, 0, 0, 0.707, 1, 1, 1, 0.1, 1, 0, 0, 0, -0.383, 0, 0, 0.924, 1, 1, 1, 0.2, 1, 0, 0, 0, 0, 0, 0, 1, 1, 1, 1, 0.3, 1, 0, 0, 0, 0.364204, -1.55059e-07, 1.26374e-08, 0.931319, 1, 1, 1, 0.4, 1, 0, 0, 0, 0.707, 0, 0, 0.707, 1, 1, 1 )
tracks/2/type = "transform"
tracks/2/path = NodePath("Armature/Skeleton:trigger")
tracks/2/interp = 1
tracks/2/loop_wrap = true
tracks/2/imported = true
tracks/2/enabled = true
tracks/2/keys = PoolRealArray( 0, 1, -2.98023e-08, 0, 0, 0, 0, 0, 1, 1, 1, 1, 0.4, 1, -2.98023e-08, 0, 0, 0, 0, 0, 1, 1, 1, 1 )
tracks/3/type = "transform"
tracks/3/path = NodePath("Armature/Skeleton:lower_arm_l")
tracks/3/interp = 1
tracks/3/loop_wrap = true
tracks/3/imported = true
tracks/3/enabled = true
tracks/3/keys = PoolRealArray( 0, 1, 0, 0, 0, 0, 0, 0, 1, 1, 1, 1, 0.4, 1, 1.42109e-14, 0, 0, 0, 0, 0, 1, 1, 1, 1 )
tracks/4/type = "transform"
tracks/4/path = NodePath("Armature/Skeleton:arm_l")
tracks/4/interp = 1
tracks/4/loop_wrap = true
tracks/4/imported = true
tracks/4/enabled = true
tracks/4/keys = PoolRealArray( 0, 1, 0, 0, 0, 0, 0, 0.707, 0.707, 1, 1, 1, 0.1, 1, 0, 0, 0, 0, 0, 0.383, 0.924, 1, 1, 1, 0.2, 1, 0, 0, 0, 0, 0, 0, 1, 1, 1, 1, 0.3, 1, 0, 0, 0, -2.15677e-08, 2.59046e-08, -0.364204, 0.931319, 1, 1, 1, 0.4, 1, 0, 0, 0, 0, 0, -0.707, 0.707, 1, 1, 1 )
tracks/5/type = "value"
tracks/5/path = NodePath("rarm:transform")
tracks/5/interp = 1
tracks/5/loop_wrap = true
tracks/5/imported = false
tracks/5/enabled = true
tracks/5/keys = {
"times": PoolRealArray( 0, 0.1, 0.2, 0.3, 0.4 ),
"transitions": PoolRealArray( 1, 1, 1, 1, 1 ),
"update": 0,
"values": [ Transform( 1, 0, 0, 0, 1, 0, 0, 0, 1, -0.413, 1.474, 0 ), Transform( 1, 0, 0, 0, 0.879317, 0.476238, 0, -0.476238, 0.879317, -0.413, 1.49, 0.177 ), Transform( 1, 0, 0, 0, -1.62921e-07, 1, 0, -1, -1.62921e-07, -0.413, 1.76, 0.299 ), Transform( 1, 0, 0, 0, -0.935016, 0.354605, 0, -0.354605, -0.935016, -0.413, 2.075, 0.13 ), Transform( 1, 0, 0, 0, -1, -3.25841e-07, 0, 3.25841e-07, -1, -0.413, 2.17, 0 ) ]
}
tracks/6/type = "value"
tracks/6/path = NodePath("larm:transform")
tracks/6/interp = 1
tracks/6/loop_wrap = true
tracks/6/imported = false
tracks/6/enabled = true
tracks/6/keys = {
"times": PoolRealArray( 0, 0.1, 0.2, 0.3, 0.4 ),
"transitions": PoolRealArray( 1, 1, 1, 1, 1 ),
"update": 0,
"values": [ Transform( 1, 0, 0, 0, 1, 0, 0, 0, 1, 0.413, 1.474, 0 ), Transform( 1, 0, 0, 0, 0.879317, 0.476238, 0, -0.476238, 0.879317, 0.413, 1.49007, 0.17675 ), Transform( 1, 0, 0, 0, -1.62921e-07, 1, 0, -1, -1.62921e-07, 0.413, 1.76, 0.299 ), Transform( 1, 0, 0, 0, -0.935016, 0.354605, 0, -0.354605, -0.935016, 0.413, 2.07538, 0.13011 ), Transform( 1, 0, 0, 0, -1, -3.25841e-07, 0, 3.25841e-07, -1, 0.413, 2.17, 0 ) ]
}
tracks/7/type = "value"
tracks/7/path = NodePath("rhand:transform")
tracks/7/interp = 1
tracks/7/loop_wrap = true
tracks/7/imported = false
tracks/7/enabled = true
tracks/7/keys = {
"times": PoolRealArray( 0, 0.1, 0.2, 0.3, 0.4 ),
"transitions": PoolRealArray( 1, 1, 1, 1, 1 ),
"update": 0,
"values": [ Transform( 1, 0, 0, 0, 1, 0, 0, 0, 1, -0.412754, 0.727232, 0 ), Transform( 1, 0, 0, 0, 0.879317, 0.476238, 0, -0.476238, 0.879317, -0.413, 0.891, 0.544 ), Transform( 1, 0, 0, 0, -1.62921e-07, 1, 0, -1, -1.62921e-07, -0.413, 1.76, 1.043 ), Transform( 1, 0, 0, 0, -0.935016, 0.354605, 0, -0.354605, -0.935016, -0.413, 2.755, 0.41 ), Transform( 1, 0, 0, 0, -1, -3.25841e-07, 0, 3.25841e-07, -1, -0.413, 2.85, 0 ) ]
}
tracks/8/type = "value"
tracks/8/path = NodePath("lhand:transform")
tracks/8/interp = 1
tracks/8/loop_wrap = true
tracks/8/imported = false
tracks/8/enabled = true
tracks/8/keys = {
"times": PoolRealArray( 0, 0.1, 0.2, 0.3, 0.4 ),
"transitions": PoolRealArray( 1, 1, 1, 1, 1 ),
"update": 0,
"values": [ Transform( 1, 0, 0, 0, 1, 0, 0, 0, 1, 0.413, 0.727, 0 ), Transform( 1, 0, 0, 0, 0.879317, 0.476238, 0, -0.476238, 0.879317, 0.413, 0.890727, 0.554269 ), Transform( 1, 0, 0, 0, -1.62921e-07, 1, 0, -1, -1.62921e-07, 0.413, 1.76, 1.043 ), Transform( 1, 0, 0, 0, -0.935016, 0.354605, 0, -0.354605, -0.935016, 0.413, 2.755, 0.41 ), Transform( 1, 0, 0, 0, -1, -3.25841e-07, 0, 3.25841e-07, -1, 0.413, 2.85, 0 ) ]
}
